2 0 176 173
3 5 79 80
4 6 65 95
5 10 111 118
6 13 82 623
7 19 103 200
8 21 80 187
9 41 83 146
10 49 168 352
11 54 88 3537
12 64 89 190
13 78 130 197
14 92 95 151
15 102 108 201
16 108 423 287
17 125 167 182
18 159 349 366
19 177 174 233
20 186 181 284
21 196 294 394
22 245 871 542
23 254 1593 564
24 276 290 474
25 279 303 418
26 319 99 305
27 330 174 481
28 398 220 598
29 399 261 638
30 446 100 445
31 487 113 504
32 459 112 465
33 535 125 514
34 559 136 1172
35 582 122 609
36 642 84 431
37 671 148 682
38 698 174 556
39 741 158 591
40 761 178 598
41 832 175 688
42 835 285 679
43 902 386 982
44 951 197 714
45 1000 154 527
46 1025 629 961
47 1068 199 789
48 1162 132 543
49 1148 110 575
50 1237 61 2414
51 1252 96 365
52 1287 78 319
53 1370 93 438
54 1437 66 309
55 1512 71 257
56 1539 97 412
57 1604 76 282
58 1654 73 247
59 1737 92 270
60 1785 68 299
61 1801 116 409
62 1877 117 430
63 1920 71 553
64 1996 87 294
65 2072 136 325
66 2162 85 199
67 2215 136 243
68 2298 90 149
69 2335 104 161
70 2382 247 191
71 2449 207 232
72 2531 87 154
73 2653 274 236
74 2717 91 144
75 2808 143 216
76 2860 102 178
77 2950 118 151
78 3001 115 156
79 3078 182 278
80 3161 86 145
81 3233 97 152
82 3296 101 141
83 3343 91 137
84 3493 101 151
85 3606 142 208
86 3644 97 145
87 3682 211 305
88 3871 211 312
89 3988 229 325
90 4009 386 547
91 4070 444 564
92 4148 257 364
93 4302 253 341
94 4321 247 348
95 4490 460 527
96 4551 251 395
97 4664 271 373
98 4789 293 441
99 4759 273 410
